StartChar: uni0683.fina
Encoding: 923 -1 555
Width: 1597
VWidth: 0
Flags: W
HStem: -536.61 253.283<450.931 907.752> -97 291.367 0 436.188<1250.73 1647.23> 524.818 270.365<901.652 1107.48 1225.59 1277.14> 692.243 284.229<418.487 670.456>
VStem: 110 439.848<-139.739 179.489> 600.789 539.298
AnchorPoint: "TashkilAbove" 700 1640 basechar 0
AnchorPoint: "TashkilBelow" 820 -1158 basechar 0
LayerCount: 2
Fore
Refer: 17 -1 N 1 0 0 1 0 0 2
Refer: 154 -1 N 0.956381 0 0 0.960444 866.865 -51.8591 2
Colour: 100feff
EndChar
