StartChar: uniFDF2
Encoding: 5655 65010 1698
Width: 2803
VWidth: 0
Flags: HW
LayerCount: 2
Back
Fore
Refer: 68 -1 N 1 0 0 1 0 0 2
Refer: 122 1648 N 0.74836 0 0 0.888867 1029.02 25.2609 2
Refer: 105 1617 N 1 0 0 1 916 -439 2
Refer: 67 -1 N 1 0 0 1 895 0 2
Refer: 66 -1 N 1 0 0 1 1638 0 2
Refer: 207 1575 N 1 0 0 1 2175 0 2
Colour: ffffff
EndChar
