StartChar: uniFDF2
Encoding: 5655 65010 1787
Width: 2711
VWidth: 0
Flags: HW
LayerCount: 2
Fore
Refer: 77 -1 N 1 0 0 1 0 0 2
Refer: 139 1648 S 0.74836 0 0 0.888867 844.021 25.2609 2
Refer: 122 1617 S 1 0 0 1 896 -439 2
Refer: 76 -1 N 1 0 0 1 875 0 2
Refer: 75 -1 N 1 0 0 1 1598 0 2
Refer: 233 1575 N 1 0 0 1 2135 0 2
Colour: ffffff
EndChar
