StartChar: uniFDFC
Encoding: 5663 65020 5398
Width: 2738
VWidth: 0
Flags: HW
LayerCount: 2
Fore
Refer: 817 1604 N 1 0 0 1 -0.000245535 -1.08889 2
Refer: 408 -1 N 1 0 0 1 1164 0 2
Refer: 4094 -1 N 1 0 0 1 1712 0 2
Refer: 894 1585 N 1 0 0 1 2090 0 2
Colour: ffffff
EndChar
