StartChar: uniFDF2
Encoding: 5655 65010 1698
Width: 2711
VWidth: 0
Flags: HW
LayerCount: 2
Back
Fore
Refer: 68 -1 N 1 0 0 1 0 0 2
Refer: 122 1648 N 0.74836 0 0 0.888867 1009.02 25.2609 2
Refer: 105 1617 N 1 0 0 1 896 -439 2
Refer: 67 -1 N 1 0 0 1 875 0 2
Refer: 66 -1 N 1 0 0 1 1598 0 2
Refer: 207 1575 N 1 0 0 1 2135 0 2
Colour: ffffff
EndChar
