StartChar: uniFDFC
Encoding: 65020 65020 5426
Width: 2738
VWidth: 0
Flags: HW
LayerCount: 2
Fore
Refer: 843 1604 N 1 0 0 1 -0.000245535 -1.08889 2
Refer: 434 -1 N 1 0 0 1 1164 0 2
Refer: 4121 -1 N 1 0 0 1 1712 0 2
Refer: 920 1585 N 1 0 0 1 2096 0 2
Colour: ffffff
EndChar
