StartChar: uniFDFC
Encoding: 5663 65020 1783
Width: 2758
VWidth: 0
Flags: HW
LayerCount: 2
Fore
Refer: 630 1604 N 1 0 0 1 -0.000245535 -1.08889 2
Refer: 221 -1 N 1 0 0 1 1164 0 2
Refer: 1089 -1 N 1 0 0 1 1712 0 2
Refer: 707 1585 S 1 0 0 1 2110 0 2
Colour: ffffff
EndChar
